Coefficients: [9352.03820148]
Intercept: 26170.97748154286
